"species","x","y","first_vegtyp","max_airtemp","mean_airtemp","mean_relhum","mean_sncvr","mean_sndep","mean_trnstr","mean_uwind","mean_vegcvr","mean_vwind","mean_wilt","min_airtemp","sum_precip","mean_sncvr_DJF"
"species",1,1,11,280.064758300781,276.406173706055,67.25,50,0.000389999986509793,0.282499998807907,2.50482177734375,1,0.400590419769287,0.0474999994039536,273.725708007812,0,43.7259259259259
"species",2,2,15,282.2353515625,280.148811340332,66.5,0,0,0.282499998807907,0.441692352294922,1,0.912144660949707,0.0474999994039536,276.642150878906,0,46.4287037037037
"species",3,3,11,279.170227050781,275.51831817627,49.5,0,0,0.247499987483025,4.21289563179016,1,-1.9763331413269,0.0274999998509884,273.627532958984,0,42.2777777777778
"species",4,4,15,273.859497070312,272.748229980469,56.75,0,0,0.247499987483025,3.38975739479065,34.25,-1.06279754638672,0.0274999998509884,271.081359863281,0,37.3416666666667
"species",5,5,15,280.234466552734,276.386367797852,45.75,14.25,1.99999994947575e-05,0.247499987483025,3.8456552028656,1,3.05463719367981,0.0274999998509884,274.548278808594,0,45.0157407407407
"species",6,6,16,281.121063232422,278.244415283203,87,0,0,0,-3.14008235931396,0,4.06601166725159,0,275.5380859375,15.5,42.3787037037037
"species",7,7,11,278.790405273438,277.216064453125,51.75,0,0,0.332499980926514,4.7912290096283,1,1.40107345581055,0.083749994635582,276.038970947266,0,35.9861111111111
"species",8,8,15,278.518859863281,277.308967590332,77.75,53.25,0.00736999977380037,0.247499987483025,0.70810341835022,1,-0.714008331298828,0.0274999998509884,276.064880371094,7.75,45.0157407407407
"species",9,9,14,283.684692382812,278.639846801758,72.25,50,0.000589999981457368,0.3125,6.1671884059906,1,3.73135423660278,0.0474999994039536,271.807952880859,0.125,0
"species",10,10,15,268.429931640625,266.910507202148,58.25,100,0.0626199981197715,0.359999984502792,0.836299896240234,1,-4.83219528198242,0.083749994635582,265.586639404297,0.375,93.8166666666667
"species",11,11,0,274.060546875,266.334518432617,59.75,0,0,0,1.18366885185242,0,0.656505584716797,0,262.980834960938,0,0
"species",12,12,5,274.056182861328,272.830093383789,90.75,75,0.014469999819994,0.359999984502792,0.0705766677856445,1,-0.0939114093780518,0.083749994635582,272.024291992188,2.875,96.3988764044944
"species",13,13,5,264.995758056641,263.160133361816,65.25,0,0,0.3125,1.35096120834351,1,-5.40986633300781,0.0474999994039536,260.264465332031,0,57.4185393258427
"species",14,14,16,283.562347412109,282.180061340332,61,0,0,0,3.87919235229492,0,0.912144660949707,0,280.517150878906,0,41.7981481481482
