first_vegtyp, 0.9027803236545332, 0.0, 24.0
max_airtemp, 1.4628896831142628, 248.129531860352, 293.511352539062
mean_airtemp, 0.0, 245.892936706543, 292.683410644531
mean_relhum, -1.8726612162701313, 24.0, 99.75
mean_sncvr, 0.0, 0.0, 100.0
mean_sncvr_DJF, 0.0, 0.0, 100.0
mean_sndep, -25.555213875783068, 0.0, 0.890439972281456
mean_trnstr, 1.7221837156347153, 0.0, 0.402500003576279
mean_uwind, 0.0, -17.5642242431641, 19.1737530231476
mean_vegcvr, -0.8574985372357271, 0.0, 34.25
mean_vwind, 0.0, -17.8905487060547, 17.4695816040039
mean_wilt, 0.0, 0.0, 0.134999990463257
min_airtemp, 0.0, 242.974029541016, 292.037414550781
sum_precip, 0.0, 0.0, 52.75
mean_relhum^2, -3.72328384079787, 576.0, 9950.0625
mean_sncvr^2, -0.32961087472563455, 0.0, 10000.0
mean_uwind^2, -10.984460111776402, 5.024608256007922E-4, 367.63280499266176
mean_vwind^2, -3.5606845385918025, 8.311443707498234E-6, 320.07173300371556
linearPredictorNormalizer, 0.9398987710334987
densityNormalizer, 14.807277045195583
numBackgroundPoints, 938
entropy, 5.0249418094610006
